image: b5203.pgm
resolution: 0.050000
#origin: [-12.200000, -13.800000, 0.000000]
origin: [0.000000, 0.000000, 0.000000]
negate: 0
occupied_thresh: 0.65
free_thresh: 0.196

